792 792 5336
0 0 2
0 1 -1
0 2 -0.993333
1 0 -1
1 1 4.2
1 2 -0.228889
1 3 -0.331111
1 4 -2.66667
2 0 -0.993333
2 1 -0.228889
2 2 3.75768
2 4 -0.310606
2 5 -0.41
2 6 -1.82318
3 1 -0.331111
3 3 3.59972
3 4 -0.941944
3 7 -0.493333
3 8 -1.83333
4 1 -2.66667
4 2 -0.310606
4 3 -0.941944
4 4 7.68442
4 6 -1.1152
4 8 -1.16667
4 10 -1.5425
5 2 -0.41
5 5 3.57917
5 6 -1
5 11 -0.498333
5 12 -1.67042
6 2 -1.82318
6 4 -1.1152
6 5 -1
6 6 7.63088
6 10 -1.95931
6 12 -1.77778
7 3 -0.493333
7 7 3.74407
7 8 -0.745741
7 9 -0.326667
7 13 -2.16667
8 3 -1.83333
8 4 -1.16667
8 7 -0.745741
8 8 7.51667
8 10 -0.819815
8 13 -0.505
8 14 -2.50444
9 7 -0.326667
9 9 3.62077
9 13 -0.963628
9 16 -0.421905
9 18 -1.90952
10 4 -1.5425
10 6 -1.95931
10 8 -0.819815
10 10 7.75861
10 12 -0.523518
10 14 -0.171111
10 15 -2.66667
10 20 -0.171111
11 5 -0.498333
11 11 3.73407
11 12 -0.745741
11 19 -0.326667
11 21 -2.16667
12 5 -1.67042
12 6 -1.77778
12 10 -0.523518
12 11 -0.745741
12 12 7.66731
12 20 -2.50444
12 21 -0.5
13 7 -2.16667
13 8 -0.505
13 9 -0.963628
13 13 7.29199
13 14 -1.04058
13 18 -0.956825
13 22 -1.71429
14 8 -2.50444
14 10 -0.171111
14 13 -1.04058
14 14 7.49276
14 15 -1.17281
14 22 -1.14286
14 24 -1.52857
15 10 -2.66667
15 14 -1.17281
15 15 7.64277
15 20 -1.16837
15 23 -1.34254
15 24 -1.33333
16 9 -0.421905
16 16 3.5581
16 17 -0.490582
16 18 -0.902222
16 27 -1.74815
17 16 -0.490582
17 17 3.65783
17 25 -0.393333
17 27 -0.769746
17 28 -2.00705
18 9 -1.90952
18 13 -0.956825
18 16 -0.902222
18 18 7.10482
18 22 -0.973304
18 27 -0.867078
18 29 -1.55523
19 11 -0.326667
19 19 3.55463
19 21 -1.10861
19 26 -0.430833
19 30 -1.69019
20 10 -0.171111
20 12 -2.50444
20 15 -1.16837
20 20 7.51054
20 21 -1.03614
20 23 -1.52857
20 31 -1.14286
21 11 -2.16667
21 12 -0.5
21 19 -1.10861
21 20 -1.03614
21 21 7.35127
21 30 -0.754212
21 31 -1.82778
22 13 -1.71429
22 14 -1.14286
22 18 -0.973304
22 22 7.04686
22 24 -1.04444
22 29 -0.829194
22 33 -1.39483
23 15 -1.34254
23 20 -1.52857
23 23 7.03865
23 24 -0.690476
23 31 -0.700397
23 32 -1.36214
23 34 -1.5
24 14 -1.52857
24 15 -1.33333
24 22 -1.04444
24 23 -0.690476
24 24 7.14365
24 33 -0.807143
24 34 -1.7873
25 17 -0.393333
25 25 3.62086
25 28 -0.845225
25 35 -0.447879
25 36 -1.9503
26 19 -0.430833
26 26 3.58875
26 30 -0.842708
26 38 -0.493333
26 39 -1.83833
27 16 -1.74815
27 17 -0.769746
27 18 -0.867078
27 27 7.16314
27 28 -0.908261
27 29 -0.994919
27 41 -1.9357
28 17 -2.00705
28 25 -0.845225
28 27 -0.908261
28 28 7.12541
28 36 -0.969996
28 41 -0.9974
28 42 -1.42548
29 18 -1.55523
29 22 -0.829194
29 27 -0.994919
29 29 7.22161
29 33 -1.11611
29 41 -0.615536
29 43 -2.19406
30 19 -1.69019
30 21 -0.754212
30 26 -0.842708
30 30 7.25846
30 31 -1.2623
30 39 -1.89206
30 45 -0.884159
31 20 -1.14286
31 21 -1.82778
31 23 -0.700397
31 30 -1.2623
31 31 7.30768
31 32 -1.86532
31 45 -0.568076
32 23 -1.36214
32 31 -1.86532
32 32 7.68477
32 34 -0.87085
32 45 -1.20666
32 46 -2.42213
33 22 -1.39483
33 24 -0.807143
33 29 -1.11611
33 33 7.38438
33 34 -0.748413
33 43 -0.459044
33 44 -2.58008
33 47 -0.314478
34 23 -1.5
34 24 -1.7873
34 32 -0.87085
34 33 -0.748413
34 34 7.88918
34 46 -0.1
34 47 -2.93333
35 25 -0.447879
35 35 3.60507
35 36 -0.822802
35 37 -0.485641
35 49 -1.82208
36 25 -1.9503
36 28 -0.969996
36 35 -0.822802
36 36 7.27708
36 42 -0.873651
36 49 -0.689444
36 50 -2.04304
37 35 -0.485641
37 37 3.60339
37 40 -0.423636
37 49 -0.818104
37 51 -1.87939
38 26 -0.493333
38 38 3.69461
38 39 -1.34848
38 54 -1.07126
38 55 -0.782143
39 26 -1.83833
39 30 -1.89206
39 38 -1.34848
39 39 8.52398
39 45 -0.163074
39 53 -3.35224
39 55 -0.0234483
40 37 -0.423636
40 40 3.67081
40 51 -0.853788
40 56 -0.368333
40 57 -1.99838
41 27 -1.9357
41 28 -0.9974
41 29 -0.615536
41 41 7.11383
41 42 -1.105
41 43 -0.980497
41 59 -1.56617
42 28 -1.42548
42 36 -0.873651
42 41 -1.105
42 42 7.04776
42 50 -1.17185
42 59 -0.790368
42 60 -1.742
43 29 -2.19406
43 33 -0.459044
43 41 -0.980497
43 43 7.52327
43 44 -1.64436
43 59 -1.76103
43 61 -0.550103
44 33 -2.58008
44 43 -1.64436
44 44 8.15147
44 47 -0.580922
44 48 -2.57033
44 61 -0.845647
45 30 -0.884159
45 31 -0.568076
45 32 -1.20666
45 39 -0.163074
45 45 6.8278
45 46 -1.07586
45 53 -1.202
45 58 -0.684289
45 62 -1.15743
46 32 -2.42213
46 34 -0.1
46 45 -1.07586
46 46 7.50539
46 47 -1.08377
46 62 -1.36585
46 63 -1.51394
47 33 -0.314478
47 34 -2.93333
47 44 -0.580922
47 46 -1.08377
47 47 7.79799
47 48 -1.53799
47 63 -1.40467
48 44 -2.57033
48 47 -1.53799
48 48 8.20243
48 61 -0.396603
48 63 -0.982088
48 64 -2.77408
49 35 -1.82208
49 36 -0.689444
49 37 -0.818104
49 49 7.20438
49 50 -1.19151
49 51 -0.815045
49 65 -1.94242
50 36 -2.04304
50 42 -1.17185
50 49 -1.19151
50 50 7.43668
50 52 -2.0913
50 60 -0.323345
50 65 -0.674436
51 37 -1.87939
51 40 -0.853788
51 49 -0.815045
51 51 7.16154
51 57 -0.987715
51 65 -0.892002
51 66 -1.7773
52 50 -2.0913
52 52 7.84337
52 60 -1.14577
52 65 -1.21991
52 67 -0.825393
52 68 -2.59111
53 39 -3.35224
53 45 -1.202
53 53 8.60726
53 55 -1.92328
53 58 -2.17459
54 38 -1.07126
54 54 3.71158
54 55 -0.894526
54 69 -1.12875
54 70 -0.0148611
54 72 -0.66582
55 38 -0.782143
55 39 -0.0234483
55 53 -1.92328
55 54 -0.894526
55 55 7.38941
55 58 -0.504053
55 71 -1.64742
55 72 -1.6983
56 40 -0.368333
56 56 3.59936
56 57 -0.962584
56 73 -0.412678
56 74 -1.85729
57 40 -1.99838
57 51 -0.987715
57 56 -0.962584
57 57 7.30571
57 66 -0.612248
57 74 -0.776068
57 77 -2.026
58 45 -0.684289
58 53 -2.17459
58 55 -0.504053
58 58 7.64724
58 62 -1.20793
58 71 -0.671221
58 78 -2.48951
59 41 -1.56617
59 42 -0.790368
59 43 -1.76103
59 59 7.3277
59 60 -1.82303
59 61 -0.910178
59 79 -0.566884
60 42 -1.742
60 50 -0.323345
60 52 -1.14577
60 59 -1.82303
60 60 7.81233
60 67 -2.46913
60 79 -0.360963
61 43 -0.550103
61 44 -0.845647
61 48 -0.396603
61 59 -0.910178
61 61 7.1195
61 64 -1.07022
61 79 -1.89858
61 80 -1.5211
62 45 -1.15743
62 46 -1.36585
62 58 -1.20793
62 62 7.52776
62 63 -0.920927
62 78 -0.289184
62 82 -2.62937
63 46 -1.51394
63 47 -1.40467
63 48 -0.982088
63 62 -0.920927
63 63 7.65461
63 64 -0.00461538
63 81 -2.76923
63 82 -0.144476
64 48 -2.77408
64 61 -1.07022
64 63 -0.00461538
64 64 7.70052
64 80 -1.34066
64 81 -1.13414
64 83 -1.43333
65 49 -1.94242
65 50 -0.674436
65 51 -0.892002
65 52 -1.21991
65 65 7.28997
65 66 -1.7333
65 68 -0.346883
65 85 -0.539711
66 51 -1.7773
66 57 -0.612248
66 65 -1.7333
66 66 7.77578
66 77 -0.97596
66 84 -2.50057
66 85 -0.262196
67 52 -0.825393
67 60 -2.46913
67 67 7.74903
67 68 -1.274
67 79 -1.17387
67 86 -2.06461
68 52 -2.59111
68 65 -0.346883
68 67 -1.274
68 68 8.05409
68 85 -1.82054
68 86 -0.118895
68 87 -1.96989
69 54 -1.12875
69 69 4.52528
69 70 -3.00444
69 89 -0.37875
70 54 -0.0148611
70 69 -3.00444
70 70 8.20237
70 72 -1.49348
70 89 -0.829333
70 90 -0.779075
70 91 -2.1361
71 55 -1.64742
71 58 -0.671221
71 71 7.56601
71 72 -1.75418
71 78 -0.958098
71 88 -2.06215
71 92 -0.486788
72 54 -0.66582
72 55 -1.6983
72 70 -1.49348
72 71 -1.75418
72 72 7.617
72 91 -1.65659
72 92 -0.452661
73 56 -0.412678
73 73 3.63191
73 74 -0.846154
73 76 -0.437778
73 94 -1.92308
74 56 -1.85729
74 57 -0.776068
74 73 -0.846154
74 74 7.23485
74 77 -0.770093
74 94 -1.02717
74 95 -2.01446
75 75 3.68527
75 76 -0.408106
75 93 -0.368333
75 96 -0.827062
75 98 -2.09549
76 73 -0.437778
76 75 -0.408106
76 76 3.30244
76 94 -0.750712
76 97 -0.916833
76 98 -0.806209
77 57 -2.026
77 66 -0.97596
77 74 -0.770093
77 77 7.19341
77 84 -0.776999
77 95 -0.995243
77 99 -1.71806
78 58 -2.48951
78 62 -0.289184
78 71 -0.958098
78 78 7.60313
78 82 -1.5848
78 88 -1.67877
78 100 -0.688962
79 59 -0.566884
79 60 -0.360963
79 61 -1.89858
79 67 -1.17387
79 79 7.67439
79 80 -0.951555
79 86 -0.179133
79 101 -2.62549
80 61 -1.5211
80 64 -1.34066
80 79 -0.951555
80 80 7.61527
80 83 -0.991633
80 101 -0.165476
80 102 -2.70101
81 63 -2.76923
81 64 -1.13414
81 81 7.83265
81 82 -1.58585
81 83 -1.60629
81 104 -0.76668
82 62 -2.62937
82 63 -0.144476
82 78 -1.5848
82 81 -1.58585
82 82 7.64005
82 100 -1.0562
82 104 -0.718646
83 64 -1.43333
83 80 -0.991633
83 81 -1.60629
83 83 7.53963
83 102 -0.0583334
83 103 -2.37618
83 104 -1.14203
84 66 -2.50057
84 77 -0.776999
84 84 7.85377
84 85 -1.12858
84 99 -1.41003
84 106 -2.09239
85 65 -0.539711
85 66 -0.262196
85 68 -1.82054
85 84 -1.12858
85 85 7.26146
85 87 -0.747618
85 106 -1.14857
85 107 -1.70588
86 67 -2.06461
86 68 -0.118895
86 79 -0.179133
86 86 7.94181
86 87 -1.24998
86 101 -2.19018
86 108 -2.20017
87 68 -1.96989
87 85 -0.747618
87 86 -1.24998
87 87 7.57001
87 107 -1.81773
87 108 -1.57769
87 109 -0.279317
88 71 -2.06215
88 78 -1.67877
88 88 7.96904
88 92 -1.32483
88 100 -0.50566
88 110 -2.46085
89 69 -0.37875
89 70 -0.829333
89 89 3.67293
89 90 -2.0308
89 111 -0.421905
90 70 -0.779075
90 89 -2.0308
90 90 7.42428
90 91 -0.848411
90 111 -0.749524
90 112 -2.24881
90 113 -0.809808
91 70 -2.1361
91 72 -1.65659
91 90 -0.848411
91 91 7.42495
91 92 -0.998927
91 112 -1.18345
91 114 -0.688041
92 71 -0.486788
92 72 -0.452661
92 88 -1.32483
92 91 -0.998927
92 92 7.1094
92 110 -1.04755
92 114 -1.84519
92 115 -1.08486
93 75 -0.368333
93 93 3.67487
93 96 -2.05357
93 116 -0.421905
93 119 -0.832961
94 73 -1.92308
94 74 -1.02717
94 76 -0.750712
94 94 8.07367
94 95 -1.45155
94 97 -2.88923
94 121 -0.0600142
95 74 -2.01446
95 77 -0.995243
95 94 -1.45155
95 95 7.31991
95 99 -1.11982
95 120 -1.24082
95 121 -0.588463
96 75 -0.827062
96 93 -2.05357
96 96 7.35108
96 98 -0.981818
96 119 -0.701012
96 122 -2.09922
96 123 -0.753711
97 76 -0.916833
97 94 -2.88923
97 97 8.51382
97 98 -2.33332
97 121 -2.2616
97 124 -0.179456
98 75 -2.09549
98 76 -0.806209
98 96 -0.981818
98 97 -2.33332
98 98 7.72636
98 122 -1.2309
98 124 -0.309243
99 77 -1.71806
99 84 -1.41003
99 95 -1.11982
99 99 7.19236
99 106 -0.884615
99 120 -1.39612
99 125 -0.708797
100 78 -0.688962
100 82 -1.0562
100 88 -0.50566
100 100 7.24154
100 104 -1.71307
100 105 -1.74418
100 110 -1.50682
100 126 -0.0837846
101 79 -2.62549
101 80 -0.165476
101 86 -2.19018
101 101 7.93127
101 102 -1.46266
101 108 -0.243845
101 127 -1.28017
102 80 -2.70101
102 83 -0.0583334
102 101 -1.46266
102 102 7.67306
102 103 -1.56022
102 127 -0.728042
102 128 -1.20993
103 83 -2.37618
103 102 -1.56022
103 103 7.74779
103 104 -1.72313
103 128 -0.728389
103 129 -1.42604
104 81 -0.76668
104 82 -0.718646
104 83 -1.14203
104 100 -1.71307
104 103 -1.72313
104 104 7.23637
104 105 -1.05543
104 129 -0.222874
105 100 -1.74418
105 104 -1.05543
105 105 7.77265
105 126 -2.14711
105 129 -0.685865
105 130 -0.178682
105 131 -2.02242
106 84 -2.09239
106 85 -1.14857
106 99 -0.884615
106 106 7.68068
106 107 -1.29011
106 125 -2.21527
106 132 -0.0956085
107 85 -1.70588
107 87 -1.81773
107 106 -1.29011
107 107 7.6944
107 109 -0.763751
107 132 -2.15516
108 86 -2.20017
108 87 -1.57769
108 101 -0.243845
108 108 7.50952
108 109 -1.27421
108 127 -1.38436
108 133 -0.889396
109 87 -0.279317
109 107 -0.763751
109 108 -1.27421
109 109 7.67666
109 132 -0.874984
109 133 -1.94219
109 134 -2.60246
110 88 -2.46085
110 92 -1.04755
110 100 -1.50682
110 110 7.69431
110 115 -1.72536
110 126 -1.01922
111 89 -0.421905
111 90 -0.749524
111 111 3.75252
111 113 -2.20204
111 135 -0.366667
112 90 -2.24881
112 91 -1.18345
112 112 8.01148
112 113 -0.935704
112 114 -0.0883504
112 136 -2.669
112 137 -0.94537
113 90 -0.809808
113 111 -2.20204
113 112 -0.935704
113 113 7.27429
113 135 -0.792255
113 137 -1.71428
113 138 -0.86015
114 91 -0.688041
114 92 -1.84519
114 112 -0.0883504
114 114 7.26069
114 115 -1.15006
114 136 -1.48953
114 140 -0.730214
114 141 -1.33442
115 92 -1.08486
115 110 -1.72536
115 114 -1.15006
115 115 7.35877
115 126 -0.22971
115 139 -2.01601
115 141 -1.22568
116 93 -0.421905
116 116 3.65331
116 117 -0.377949
116 119 -1.95604
116 144 -0.870748
117 116 -0.377949
117 117 3.67339
117 118 -0.452727
117 144 -2.07455
117 145 -0.784434
118 117 -0.452727
118 118 3.59876
118 143 -0.407273
118 145 -1.875
118 146 -0.879408
119 93 -0.832961
119 96 -0.701012
119 116 -1.95604
119 119 7.28784
119 123 -2.05047
119 144 -0.91406
119 147 -0.889462
120 95 -1.24082
120 99 -1.39612
120 120 7.009
120 121 -1.1231
120 125 -0.784136
120 148 -1.46644
120 149 -1.11772
121 94 -0.0600142
121 95 -0.588463
121 97 -2.2616
121 120 -1.1231
121 121 7.34168
121 124 -1.40997
121 149 -1.40223
121 150 -0.60288
122 96 -2.09922
122 98 -1.2309
122 122 7.71766
122 123 -1.17556
122 124 -2.28291
122 152 -0.982587
123 96 -0.753711
123 119 -2.05047
123 122 -1.17556
123 123 7.82098
123 147 -1.51956
123 152 -2.33497
124 97 -0.179456
124 98 -0.309243
124 121 -1.40997
124 122 -2.28291
124 124 7.56161
124 150 -1.30365
124 151 -1.69178
124 152 -0.479783
125 99 -0.708797
125 106 -2.21527
125 120 -0.784136
125 125 7.3116
125 132 -1.10148
125 148 -0.861546
125 153 -1.74938
126 100 -0.0837846
126 105 -2.14711
126 110 -1.01922
126 115 -0.22971
126 126 7.96121
126 130 -2.02511
126 139 -2.44587
126 155 -0.127042
127 101 -1.28017
127 102 -0.728042
127 108 -1.38436
127 127 6.97431
127 128 -1.42187
127 133 -1.20558
127 156 -1.02949
128 102 -1.20993
128 103 -0.728389
128 127 -1.42187
128 128 7.01841
128 129 -1.64076
128 156 -0.851503
128 157 -1.27631
129 103 -1.42604
129 104 -0.222874
129 105 -0.685865
129 128 -1.64076
129 129 7.50539
129 131 -2.29031
129 157 -0.32026
129 158 -0.988164
130 105 -0.178682
130 126 -2.02511
130 130 7.83406
130 131 -1.73872
130 155 -1.98861
130 159 -1.97127
131 105 -2.02242
131 129 -2.29031
131 130 -1.73872
131 131 7.76359
131 158 -1.37128
131 159 -0.423866
132 106 -0.0956085
132 107 -2.15516
132 109 -0.874984
132 125 -1.10148
132 132 7.29194
132 134 -0.714016
132 153 -0.665582
132 160 -1.79041
133 108 -0.889396
133 109 -1.94219
133 127 -1.20558
133 133 7.3675
133 134 -0.119932
133 156 -1.71054
133 161 -1.58226
134 109 -2.60246
134 132 -0.714016
134 133 -0.119932
134 134 8.11636
134 160 -0.59566
134 161 -1.37075
134 162 -2.78341
135 111 -0.366667
135 113 -0.792255
135 135 3.7074
135 138 -2.14963
135 163 -0.412689
136 112 -2.669
136 114 -1.48953
136 136 7.92076
136 137 -0.77719
136 140 -1.98914
136 164 -1.05699
137 112 -0.94537
137 113 -1.71428
137 136 -0.77719
137 137 7.16733
137 138 -0.839337
137 164 -1.92134
137 165 -1.01256
138 113 -0.86015
138 135 -2.14963
138 137 -0.839337
138 138 7.42885
138 163 -0.761319
138 165 -2.20709
138 166 -0.67946
139 115 -2.01601
139 126 -2.44587
139 139 7.69739
139 141 -0.93631
139 155 -1.47395
139 168 -0.874687
140 114 -0.730214
140 136 -1.98914
140 140 7.2772
140 141 -1.01691
140 164 -0.673443
140 167 -0.979052
140 169 -1.95103
141 114 -1.33442
141 115 -1.22568
141 139 -0.93631
141 140 -1.01691
141 141 7.00062
141 168 -1.48721
141 169 -1.0291
142 142 3.61643
142 143 -0.493333
142 174 -0.426667
142 175 -0.779762
142 176 -1.93357
143 118 -0.407273
143 142 -0.493333
143 143 3.62657
143 146 -1.92212
143 176 -0.808081
144 116 -0.870748
144 117 -2.07455
144 119 -0.91406
144 144 7.20297
144 145 -0.699301
144 147 -1.64598
144 177 -1.04101
145 117 -0.784434
145 118 -1.875
145 144 -0.699301
145 145 7.37314
145 146 -1.1375
145 177 -2.21441
145 178 -0.690896
146 118 -0.879408
146 143 -1.92212
146 145 -1.1375
146 146 7.26142
146 176 -0.595671
146 178 -1.87941
146 179 -0.902019
147 119 -0.889462
147 123 -1.51956
147 144 -1.64598
147 147 7.24059
147 152 -0.21585
147 177 -0.785411
147 181 -0.558349
147 182 -1.71021
148 120 -1.46644
148 125 -0.861546
148 148 6.97065
148 149 -1.15898
148 153 -1.08866
148 154 -1.24035
148 183 -1.21251
149 120 -1.11772
149 121 -1.40223
149 148 -1.15898
149 149 7.43323
149 150 -2.37426
149 183 -1.40543
149 184 -0.0686717
150 121 -0.60288
150 124 -1.30365
150 149 -2.37426
150 150 7.79365
150 151 -1.54393
150 184 -2.01078
151 124 -1.69178
151 150 -1.54393
151 151 7.53357
151 152 -1.25769
151 184 -0.877325
151 185 -2.2159
152 122 -0.982587
152 123 -2.33497
152 124 -0.479783
152 147 -0.21585
152 151 -1.25769
152 152 7.49239
152 181 -1.72244
152 185 -0.582826
153 125 -1.74938
153 132 -0.665582
153 148 -1.08866
153 153 7.59187
153 154 -1.64664
153 160 -2.3642
153 186 -0.152573
154 148 -1.24035
154 153 -1.64664
154 154 7.58771
154 183 -0.850757
154 186 -2.53493
154 187 -1.39998
155 126 -0.127042
155 130 -1.98861
155 139 -1.47395
155 155 7.35186
155 159 -0.00498215
155 168 -1.16603
155 188 -0.926858
155 189 -1.76947
156 127 -1.02949
156 128 -0.851503
156 133 -1.71054
156 156 7.94091
156 157 -2.81884
156 161 -1.50871
156 192 -0.108783
157 128 -1.27631
157 129 -0.32026
157 156 -2.81884
157 157 8.3109
157 158 -2.44562
157 192 -1.49594
158 129 -0.988164
158 131 -1.37128
158 157 -2.44562
158 158 7.36663
158 159 -1.13007
158 192 -0.827017
158 193 -0.680509
159 130 -1.97127
159 131 -0.423866
159 155 -0.00498215
159 158 -1.13007
159 159 7.277
159 189 -1.14545
159 190 -0.934833
159 193 -1.72919
160 132 -1.79041
160 134 -0.59566
160 153 -2.3642
160 160 7.42071
160 162 -0.945517
160 186 -0.646712
160 194 -1.18249
161 133 -1.58226
161 134 -1.37075
161 156 -1.50871
161 161 7.70945
161 162 -0.478477
161 191 -2.42543
161 192 -0.0539875
161 196 -0.368345
162 134 -2.78341
162 160 -0.945517
162 161 -0.478477
162 162 7.90236
162 194 -0.411351
162 195 -1.98633
162 196 -1.33412
163 135 -0.412689
163 138 -0.761319
163 163 3.74293
163 166 -2.21964
163 197 -0.363519
164 136 -1.05699
164 137 -1.92134
164 140 -0.673443
164 164 7.34883
164 165 -0.659667
164 167 -2.2181
164 199 -0.909393
165 137 -1.01256
165 138 -2.20709
165 164 -0.659667
165 165 7.25419
165 166 -0.81107
165 198 -1.02948
165 199 -1.60849
166 138 -0.67946
166 163 -2.21964
166 165 -0.81107
166 166 8.04247
166 197 -1.47314
166 198 -2.74469
166 201 -0.147485
167 140 -0.979052
167 164 -2.2181
167 167 7.32516
167 169 -0.916245
167 199 -0.454359
167 200 -1.06301
167 202 -1.76504
168 139 -0.874687
168 141 -1.48721
168 155 -1.16603
168 168 7.13619
168 169 -1.1755
168 188 -1.87314
168 203 -0.64431
169 140 -1.95103
169 141 -1.0291
169 167 -0.916245
169 168 -1.1755
169 169 7.1291
169 202 -0.997589
169 203 -1.12053
170 170 2
170 171 -1
170 204 -0.993333
171 170 -1
171 171 4.2
171 172 -0.326667
171 180 -2.67111
171 204 -0.228889
172 171 -0.326667
172 172 3.59861
172 173 -0.493333
172 180 -0.941944
172 205 -1.83833
173 172 -0.493333
173 173 3.69
173 174 -1.16889
173 205 -1.24444
173 206 -0.808333
174 142 -0.426667
174 173 -1.16889
174 174 4.32513
174 175 -2.70942
174 206 -0.0515873
175 142 -0.779762
175 174 -2.70942
175 175 7.91322
175 176 -1.07643
175 206 -1.32132
175 207 -2.07272
176 142 -1.93357
176 143 -0.808081
176 146 -0.595671
176 175 -1.07643
176 176 7.29939
176 179 -1.99391
176 207 -0.937634
177 144 -1.04101
177 145 -2.21441
177 147 -0.785411
177 177 7.26099
177 178 -0.564289
177 182 -1.57636
177 208 -1.14011
178 145 -0.690896
178 146 -1.87941
178 177 -0.564289
178 178 7.5187
178 179 -1.47222
178 208 -2.35911
178 209 -0.60893
179 146 -0.902019
179 176 -1.99391
179 178 -1.47222
179 179 7.48011
179 207 -0.272916
179 209 -2.07871
179 210 -0.830979
180 171 -2.67111
180 172 -0.941944
180 180 7.83639
180 205 -1.16667
180 211 -1.58333
180 212 -1.5
181 147 -0.558349
181 152 -1.72244
181 181 7.25255
181 182 -0.998069
181 185 -1.30031
181 213 -1.31683
181 215 -1.45068
182 147 -1.71021
182 177 -1.57636
182 181 -0.998069
182 182 7.21743
182 208 -0.771179
182 214 -1.71166
182 215 -0.576121
183 148 -1.21251
183 149 -1.40543
183 154 -0.850757
183 183 6.96309
183 184 -1.37713
183 187 -1.27058
183 216 -0.902369
184 149 -0.0686717
184 150 -2.01078
184 151 -0.877325
184 183 -1.37713
184 184 7.20233
184 185 -0.591283
184 216 -1.17498
184 217 -1.18242
185 151 -2.2159
185 152 -0.582826
185 181 -1.30031
185 184 -0.591283
185 185 7.46224
185 213 -1.9115
185 217 -0.942576
186 153 -0.152573
186 154 -2.53493
186 160 -0.646712
186 186 8.09474
186 187 -0.539487
186 194 -2.60289
186 218 -1.68989
187 154 -1.39998
187 183 -1.27058
187 186 -0.539487
187 187 7.04254
187 216 -1.58425
187 218 -1.30125
187 219 -1.01786
188 155 -0.926858
188 168 -1.87314
188 188 7.64226
188 189 -1.11986
188 203 -0.119869
188 220 -2.48178
188 221 -1.19468
189 155 -1.76947
189 159 -1.14545
189 188 -1.11986
189 189 7.51452
189 190 -2.39227
189 221 -0.981677
189 222 -0.182164
190 159 -0.934833
190 189 -2.39227
190 190 8.09407
190 193 -0.426885
190 222 -2.12515
190 223 -2.27728
191 161 -2.42543
191 191 8.14089
191 192 -1.99681
191 196 -1.76293
191 224 -1.98973
192 156 -0.108783
192 157 -1.49594
192 158 -0.827017
192 161 -0.0539875
192 191 -1.99681
192 192 7.73549
192 193 -2.39044
192 224 -0.729897
192 225 -0.196647
193 158 -0.680509
193 159 -1.72919
193 190 -0.426885
193 192 -2.39044
193 193 7.55097
193 223 -0.692119
193 225 -1.68939
194 160 -1.18249
194 162 -0.411351
194 186 -2.60289
194 194 8.02891
194 195 -1.92967
194 218 -0.00438906
194 226 -1.99978
195 162 -1.98633
195 194 -1.92967
195 195 7.5353
195 196 -1.34316
195 226 -1.17946
195 227 -1.14367
196 161 -0.368345
196 162 -1.33412
196 191 -1.76293
196 195 -1.34316
196 196 7.09902
196 224 -0.520727
196 227 -0.601384
196 228 -1.3224
197 163 -0.363519
197 166 -1.47314
197 197 3.67464
197 201 -1.45328
197 229 -0.405098
198 165 -1.02948
198 166 -2.74469
198 198 7.87727
198 199 -1.11445
198 201 -0.0354575
198 231 -2.03579
198 232 -0.943553
199 164 -0.909393
199 165 -1.60849
199 167 -0.454359
199 198 -1.11445
199 199 7.328
199 200 -2.19618
199 232 -1.09119
200 167 -1.06301
200 199 -2.19618
200 200 7.53299
200 202 -1.10224
200 232 -1.31947
200 233 -1.89559
201 166 -0.147485
201 197 -1.45328
201 198 -0.0354575
201 201 7.90834
201 229 -2.01905
201 230 -0.763979
201 231 -2.77579
201 234 -0.809038
202 167 -1.76504
202 169 -0.997589
202 200 -1.10224
202 202 7.04093
202 203 -1.4673
202 233 -0.955653
202 235 -0.834288
203 168 -0.64431
203 169 -1.12053
203 188 -0.119869
203 202 -1.4673
203 203 7.12717
203 220 -1.72203
203 235 -1.41272
203 236 -0.743416
204 170 -0.993333
204 171 -0.228889
204 204 4.20444
204 211 -2.67111
204 237 -0.331111
205 172 -1.83833
205 173 -1.24444
205 180 -1.16667
205 205 7.15827
205 206 -1.11724
205 212 -1.07907
205 239 -0.766676
206 173 -0.808333
206 174 -0.0515873
206 175 -1.32132
206 205 -1.11724
206 206 7.12124
206 207 -0.807058
206 238 -1.85209
206 239 -0.947151
206 240 -0.305747
207 175 -2.07272
207 176 -0.937634
207 179 -0.272916
207 206 -0.807058
207 207 7.65946
207 210 -2.41124
207 240 -1.24211
208 177 -1.14011
208 178 -2.35911
208 182 -0.771179
208 208 7.35142
208 209 -0.41958
208 214 -1.46089
208 241 -1.24555
209 178 -0.60893
209 179 -2.07871
209 208 -0.41958
209 209 7.53213
209 210 -0.958535
209 241 -2.23748
209 242 -1.26785
210 179 -0.830979
210 207 -2.41124
210 209 -0.958535
210 210 7.39192
210 240 -0.895573
210 242 -1.6356
210 243 -0.723441
211 180 -1.58333
211 204 -2.67111
211 211 7.8175
211 212 -1.50944
211 237 -0.9375
211 244 -1.17111
212 180 -1.5
212 205 -1.07907
212 211 -1.50944
212 212 7.05832
212 239 -1.26391
212 244 -0.935185
212 245 -0.836538
213 181 -1.31683
213 185 -1.9115
213 213 7.59115
213 215 -1.11558
213 217 -1.25052
213 248 -2.05407
214 182 -1.71166
214 208 -1.46089
214 214 7.09505
214 215 -0.981644
214 241 -0.758445
214 246 -1.43747
214 249 -0.84173
215 181 -1.45068
215 182 -0.576121
215 213 -1.11558
215 214 -0.981644
215 215 7.27588
215 248 -1.89219
215 249 -1.3549
216 183 -0.902369
216 184 -1.17498
216 187 -1.58425
216 216 7.09289
216 217 -1.81443
216 219 -0.93851
216 250 -0.780841
217 184 -1.18242
217 185 -0.942576
217 213 -1.25052
217 216 -1.81443
217 217 7.06802
217 247 -1.0675
217 248 -0.115393
217 250 -0.78025
218 186 -1.68989
218 187 -1.30125
218 194 -0.00438906
218 218 7.16925
218 219 -1.26506
218 226 -0.665221
218 251 -1.60822
218 253 -0.674286
219 187 -1.01786
219 216 -0.93851
219 218 -1.26506
219 219 7.19511
219 250 -1.56313
219 252 -0.513812
219 253 -1.98548
220 188 -2.48178
220 203 -1.72203
220 220 7.80503
220 221 -0.792323
220 236 -1.93373
220 255 -0.929703
221 188 -1.19468
221 189 -0.981677
221 220 -0.792323
221 221 7.19404
221 222 -1.57954
221 254 -0.756906
221 255 -1.90255
222 189 -0.182164
222 190 -2.12515
222 221 -1.57954
222 222 7.60405
222 223 -0.576312
222 254 -2.02853
222 256 -1.16691
223 190 -2.27728
223 193 -0.692119
223 222 -0.576312
223 223 7.4088
223 225 -1.39875
223 256 -1.44709
223 257 -1.08167
224 191 -1.98973
224 192 -0.729897
224 196 -0.520727
224 224 7.46334
224 225 -2.13076
224 228 -1.48146
224 258 -0.688766
225 192 -0.196647
225 193 -1.68939
225 223 -1.39875
225 224 -2.13076
225 225 7.38548
225 257 -0.825325
225 258 -1.2146
226 194 -1.99978
226 195 -1.17946
226 218 -0.665221
226 226 7.28885
226 227 -0.775817
226 251 -1.57211
226 259 -1.17804
227 195 -1.14367
227 196 -0.601384
227 226 -0.775817
227 227 7.463
227 228 -1.02592
227 259 -1.38667
227 260 -2.63932
228 196 -1.3224
228 224 -1.48146
228 227 -1.02592
228 228 7.06952
228 258 -0.776907
228 260 -1.02542
228 261 -1.49022
229 197 -0.405098
229 201 -2.01905
229 229 3.67078
229 230 -0.862185
229 262 -0.371111
230 201 -0.763979
230 229 -0.862185
230 230 7.3227
230 234 -1.76519
230 262 -2.26799
230 263 -0.693922
230 264 -1.02724
231 198 -2.03579
231 201 -2.77579
231 231 7.95372
231 232 -0.799182
231 234 -0.934425
231 265 -1.47731
232 198 -0.943553
232 199 -1.09119
232 200 -1.31947
232 231 -0.799182
232 232 6.77047
232 233 -0.604633
232 265 -0.567098
232 266 -0.992694
232 268 -0.541739
233 200 -1.89559
233 202 -0.955653
233 232 -0.604633
233 233 7.19094
233 235 -1.42388
233 267 -0.878514
233 268 -1.52676
234 201 -0.809038
234 230 -1.76519
234 231 -0.934425
234 234 7.15033
234 264 -0.940664
234 265 -1.81141
234 269 -0.917975
235 202 -0.834288
235 203 -1.41272
235 233 -1.42388
235 235 7.17503
235 236 -1.73134
235 267 -1.31776
235 270 -0.53532
236 203 -0.743416
236 220 -1.93373
236 235 -1.73134
236 236 7.30725
236 255 -1.13764
236 270 -0.519443
236 271 -1.33893
237 204 -0.331111
237 211 -0.9375
237 237 3.60861
237 244 -1.83333
237 272 -0.493333
238 206 -1.85209
238 238 8.06774
238 239 -2.04076
238 240 -2.42572
238 274 -1.77528
239 205 -0.766676
239 206 -0.947151
239 212 -1.26391
239 238 -2.04076
239 239 7.14811
239 245 -1.17926
239 273 -0.541927
239 274 -0.476763
240 206 -0.305747
240 207 -1.24211
240 210 -0.895573
240 238 -2.42572
240 240 7.84852
240 243 -2.37059
240 274 -0.337083
240 275 -0.314478
241 208 -1.24555
241 209 -2.23748
241 214 -0.758445
241 241 7.28771
241 242 -0.540357
241 246 -1.36195
241 276 -1.18728
242 209 -1.26785
242 210 -1.6356
242 241 -0.540357
242 242 7.77837
242 243 -2.01699
242 276 -2.37734
242 277 -0.000152655
243 210 -0.723441
243 240 -2.37059
243 242 -2.01699
243 243 8.20825
243 275 -0.580922
243 277 -2.56886
244 211 -1.17111
244 212 -0.935185
244 237 -1.83333
244 244 7.10874
244 245 -1.5473
244 272 -0.745741
244 279 -0.959955
245 212 -0.836538
245 239 -1.17926
245 244 -1.5473
245 245 7.3067
245 273 -2.18964
245 279 -0.415431
245 280 -1.24383
246 214 -1.43747
246 241 -1.36195
246 246 7.21556
246 249 -2.04616
246 276 -0.735797
246 278 -0.885348
246 282 -0.825037
247 217 -1.0675
247 247 8.06835
247 248 -2.82376
247 250 -0.771822
247 281 -2.40013
247 283 -1.07518
248 213 -2.05407
248 215 -1.89219
248 217 -0.115393
248 247 -2.82376
248 248 8.23965
248 249 -0.851103
248 283 -0.599426
249 214 -0.84173
249 215 -1.3549
249 246 -2.04616
249 248 -0.851103
249 249 7.86083
249 282 -0.138978
249 283 -0.0208191
249 284 -2.67111
250 216 -0.780841
250 217 -0.78025
250 219 -1.56313
250 247 -0.771822
250 250 6.96012
250 252 -1.30012
250 281 -1.30203
250 285 -0.534534
251 218 -1.60822
251 226 -1.57211
251 251 7.18364
251 253 -1.42823
251 259 -0.858821
251 287 -1.5432
251 288 -0.276429
252 219 -0.513812
252 250 -1.30012
252 252 7.56765
252 253 -2.00229
252 285 -1.49145
252 286 -2.00283
252 288 -0.29932
253 218 -0.674286
253 219 -1.98548
253 251 -1.42823
253 252 -2.00229
253 253 7.53528
253 288 -1.53093
254 221 -0.756906
254 222 -2.02853
254 254 7.1979
254 255 -1.13582
254 256 -0.695448
254 289 -1.53724
254 290 -1.11997
255 220 -0.929703
255 221 -1.90255
255 236 -1.13764
255 254 -1.13582
255 255 7.08331
255 271 -1.0997
255 290 -0.929704
256 222 -1.16691
256 223 -1.44709
256 254 -0.695448
256 256 7.04818
256 257 -1.62436
256 289 -1.07736
256 291 -1.09458
257 223 -1.08167
257 225 -0.825325
257 256 -1.62436
257 257 7.62906
257 258 -2.41089
257 291 -1.58634
257 292 -0.157282
258 224 -0.688766
258 225 -1.2146
258 228 -0.776907
258 257 -2.41089
258 258 7.60798
258 261 -2.00784
258 292 -0.559765
259 226 -1.17804
259 227 -1.38667
259 251 -0.858821
259 259 7.27374
259 260 -0.358759
259 287 -1.40772
259 294 -2.14046
260 227 -2.63932
260 228 -1.02542
260 259 -0.358759
260 260 7.81612
260 261 -0.449547
260 294 -1.14348
260 295 -2.25106
261 228 -1.49022
261 258 -2.00784
261 260 -0.449547
261 261 7.44097
261 292 -1.41903
261 293 -0.335046
261 295 -1.80641
262 229 -0.371111
262 230 -2.26799
262 262 3.76803
262 263 -0.714167
262 296 -0.429231
263 230 -0.693922
263 262 -0.714167
263 263 7.40168
263 264 -2.08173
263 296 -2.11111
263 297 -1.06481
263 298 -0.794039
264 230 -1.02724
264 234 -0.940664
264 263 -2.08173
264 264 7.32347
264 269 -1.82088
264 298 -0.387234
264 299 -1.1077
265 231 -1.47731
265 232 -0.567098
265 234 -1.81141
265 265 7.686
265 266 -2.58775
265 269 -0.725689
265 300 -0.545903
266 232 -0.992694
266 265 -2.58775
266 266 7.7271
266 268 -1.99758
266 300 -1.01887
266 301 -1.19346
267 233 -0.878514
267 235 -1.31776
267 267 7.59317
267 268 -1.19307
267 270 -2.06552
267 302 -2.18375
268 232 -0.541739
268 233 -1.52676
268 266 -1.99758
268 267 -1.19307
268 268 7.24076
268 301 -0.951088
268 302 -1.10145
269 234 -0.917975
269 264 -1.82088
269 265 -0.725689
269 269 7.26581
269 299 -1.01206
269 300 -2.12599
269 303 -0.735634
270 235 -0.53532
270 236 -0.519443
270 267 -2.06552
270 270 7.6337
270 271 -0.677521
270 302 -0.387033
270 304 -0.110478
270 305 -1.19083
270 306 -2.23663
271 236 -1.33893
271 255 -1.0997
271 270 -0.677521
271 271 7.55974
271 290 -1.47477
271 305 -2.50984
271 307 -0.528958
272 237 -0.493333
272 244 -0.745741
272 272 3.73519
272 279 -2.17111
272 308 -0.326667
273 239 -0.541927
273 245 -2.18964
273 273 7.81095
273 274 -2.10455
273 280 -1.36527
273 309 -1.65374
274 238 -1.77528
274 239 -0.476763
274 240 -0.337083
274 273 -2.10455
274 274 7.88598
274 275 -2.55354
274 309 -0.710859
275 240 -0.314478
275 243 -0.580922
275 274 -2.55354
275 275 7.79848
275 277 -1.89011
275 309 -1.56748
275 310 -0.961398
276 241 -1.18728
276 242 -2.37734
276 246 -0.735797
276 276 7.73601
276 277 -1.01169
276 278 -2.33492
276 311 -0.171753
277 242 -0.000152655
277 243 -2.56886
277 275 -1.89011
277 276 -1.01169
277 277 7.7092
277 310 -0.821234
277 311 -1.49124
278 246 -0.885348
278 276 -2.33492
278 278 8.3245
278 282 -2.89549
278 311 -2.02841
278 312 -0.231631
279 244 -0.959955
279 245 -0.415431
279 272 -2.17111
279 279 7.43834
279 280 -2.03242
279 308 -0.959184
279 314 -0.956825
280 245 -1.24383
280 273 -1.36527
280 279 -2.03242
280 280 7.43332
280 309 -0.433476
280 313 -1.68097
280 314 -0.734921
281 247 -2.40013
281 250 -1.30203
281 281 7.91746
281 283 -0.708756
281 285 -2.60452
281 316 -0.991155
282 246 -0.825037
282 249 -0.138978
282 278 -2.89549
282 282 7.90168
282 284 -1.14361
282 312 -1.1667
282 317 -1.77983
283 247 -1.07518
283 248 -0.599426
283 249 -0.0208191
283 281 -0.708756
283 283 7.48643
283 284 -2.17983
283 316 -1.82555
283 318 -1.16814
284 249 -2.67111
284 282 -1.14361
284 283 -2.17983
284 284 7.94969
284 317 -0.80529
284 318 -1.24093
285 250 -0.534534
285 252 -1.49145
285 281 -2.60452
285 285 7.86464
285 286 -1.12454
285 316 -0.259999
285 319 -1.92198
286 252 -2.00283
286 285 -1.12454
286 286 7.51823
286 288 -1.25401
286 319 -1.76647
286 321 -1.40659
287 251 -1.5432
287 259 -1.40772
287 287 7.14516
287 288 -1.54126
287 294 -0.359742
287 322 -1.5095
287 323 -0.879057
288 251 -0.276429
288 252 -0.29932
288 253 -1.53093
288 286 -1.25401
288 287 -1.54126
288 288 7.04416
288 321 -0.951681
288 323 -1.26352
289 254 -1.53724
289 256 -1.07736
289 289 7.08908
289 290 -0.553932
289 291 -0.969514
289 324 -1.64209
289 325 -1.37887
290 254 -1.11997
290 255 -0.929704
290 271 -1.47477
290 289 -0.553932
290 290 7.37676
290 307 -0.879766
290 325 -2.47587
291 256 -1.09458
291 257 -1.58634
291 289 -0.969514
291 291 7.36444
291 292 -2.07935
291 324 -1.4089
291 326 -0.31188
292 257 -0.157282
292 258 -0.559765
292 261 -1.41903
292 291 -2.07935
292 292 7.19353
292 293 -1.58286
292 326 -0.851065
292 327 -0.671014
293 261 -0.335046
293 292 -1.58286
293 293 7.31909
293 295 -2.14036
293 327 -0.981892
293 328 -1.2604
293 329 -1.09213
294 259 -2.14046
294 260 -1.14348
294 287 -0.359742
294 294 7.40133
294 295 -0.53209
294 322 -1.60285
294 329 -1.7154
295 260 -2.25106
295 261 -1.80641
295 293 -2.14036
295 294 -0.53209
295 295 7.78232
295 329 -1.0959
296 262 -0.429231
296 263 -2.11111
296 296 3.70498
296 297 -0.782038
296 331 -0.382564
297 263 -1.06481
297 296 -0.782038
297 297 7.9475
297 298 -2.78791
297 331 -2.06993
297 332 -1.26837
298 263 -0.794039
298 264 -0.387234
298 297 -2.78791
298 298 8.06429
298 299 -2.15929
298 332 -0.278102
298 333 -1.73378
299 264 -1.1077
299 269 -1.01206
299 298 -2.15929
299 299 7.38517
299 303 -1.74265
299 333 -0.220643
299 334 -1.21723
300 265 -0.545903
300 266 -1.01887
300 269 -2.12599
300 300 7.2617
300 301 -1.66896
300 303 -0.939818
300 335 -1.00293
301 266 -1.19346
301 268 -0.951088
301 300 -1.66896
301 301 7.02068
301 302 -0.812921
301 335 -1.00133
301 336 -1.48867
302 267 -2.18375
302 268 -1.10145
302 270 -0.387033
302 301 -0.812921
302 302 7.3903
302 304 -1.52128
302 336 -1.41871
303 269 -0.735634
303 299 -1.74265
303 300 -0.939818
303 303 7.17134
303 334 -1.08088
303 335 -1.85949
303 338 -0.826987
304 270 -0.110478
304 302 -1.52128
304 304 7.67752
304 306 -2.39806
304 336 -0.711447
304 337 -1.938
304 339 -1.0337
305 270 -1.19083
305 271 -2.50984
305 305 8.15372
305 306 -2.20148
305 307 -1.87552
305 340 -0.418775
306 270 -2.23663
306 304 -2.39806
306 305 -2.20148
306 306 8.24662
306 339 -0.957678
306 340 -0.499118
307 271 -0.528958
307 290 -0.879766
307 305 -1.87552
307 307 7.46018
307 325 -0.713471
307 340 -1.27378
307 341 -2.25231
308 272 -0.326667
308 279 -0.959184
308 308 3.62966
308 314 -1.90952
308 343 -0.421905
309 273 -1.65374
309 274 -0.710859
309 275 -1.56748
309 280 -0.433476
309 309 7.08493
309 310 -0.775536
309 313 -0.430442
309 315 -1.34795
309 344 -0.303764
310 275 -0.961398
310 277 -0.821234
310 309 -0.775536
310 310 7.28578
310 311 -0.999365
310 344 -1.75962
310 345 -2.02289
311 276 -0.171753
311 277 -1.49124
311 278 -2.02841
311 310 -0.999365
311 311 7.31322
311 312 -1.35214
311 345 -1.39057
312 278 -0.231631
312 282 -1.1667
312 311 -1.35214
312 312 7.12944
312 317 -1.37971
312 345 -0.302928
312 346 -1.375
312 347 -1.36296
313 280 -1.68097
313 309 -0.430442
313 313 8.289
313 314 -1.78571
313 315 -3.23481
313 348 -1.21126
314 279 -0.956825
314 280 -0.734921
314 308 -1.90952
314 313 -1.78571
314 314 7.1677
314 343 -0.775
314 348 -1.07619
315 309 -1.34795
315 313 -3.23481
315 315 8.43401
315 344 -1.82528
315 348 -0.0689845
315 349 -2.01362
316 281 -0.991155
316 283 -1.82555
316 285 -0.259999
316 316 7.17007
316 318 -0.700838
316 319 -0.517082
316 320 -1.29904
316 350 -1.6456
317 282 -1.77983
317 284 -0.80529
317 312 -1.37971
317 317 7.06297
317 318 -1.1147
317 346 -0.862171
317 351 -1.1841
318 283 -1.16814
318 284 -1.24093
318 316 -0.700838
318 317 -1.1147
318 318 7.01404
318 350 -1.65976
318 351 -1.20407
319 285 -1.92198
319 286 -1.76647
319 316 -0.517082
319 319 7.71834
319 320 -1.63986
319 321 -0.305416
319 353 -1.65848
320 316 -1.29904
320 319 -1.63986
320 320 7.50805
320 350 -1.06781
320 353 -1.7519
320 354 -1.78383
321 286 -1.40659
321 288 -0.951681
321 319 -0.305416
321 321 6.90506
321 323 -1.35971
321 353 -0.703431
321 355 -1.08243
321 356 -1.14898
322 287 -1.5095
322 294 -1.60285
322 322 7.26163
322 323 -1.52055
322 329 -0.304394
322 330 -1.79614
322 357 -0.652074
323 287 -0.879057
323 288 -1.26352
323 321 -1.35971
323 322 -1.52055
323 323 6.9577
323 356 -0.982089
323 357 -1.02593
324 289 -1.64209
324 291 -1.4089
324 324 7.70199
324 325 -0.68457
324 326 -2.08067
324 358 -1.95826
325 289 -1.37887
325 290 -2.47587
325 307 -0.713471
325 324 -0.68457
325 325 7.54396
325 341 -1.62916
325 342 -0.12695
325 358 -0.5971
326 291 -0.31188
326 292 -0.851065
326 324 -2.08067
326 326 7.57494
326 327 -1.86542
326 358 -1.47078
326 359 -1.07635
327 292 -0.671014
327 293 -0.981892
327 326 -1.86542
327 327 7.07532
327 328 -1.03564
327 359 -1.33521
327 360 -1.31054
328 293 -1.2604
328 327 -1.03564
328 328 7.4537
328 329 -1.65694
328 360 -1.67576
328 361 -1.91576
329 293 -1.09213
329 294 -1.7154
329 295 -1.0959
329 322 -0.304394
329 328 -1.65694
329 329 7.19213
329 330 -1.3405
329 361 -0.0887494
330 322 -1.79614
330 329 -1.3405
330 330 7.4092
330 357 -1.6232
330 361 -1.25202
330 362 -1.45945
331 296 -0.382564
331 297 -2.06993
331 331 3.68308
331 332 -0.784434
331 364 -0.447879
332 297 -1.26837
332 298 -0.278102
332 331 -0.784434
332 332 7.17299
332 333 -0.651049
332 364 -1.95497
332 365 -0.968485
332 366 -1.39196
333 298 -1.73378
333 299 -0.220643
333 332 -0.651049
333 333 7.50055
333 334 -2.16746
333 366 -1.01259
333 367 -1.79362
334 299 -1.21723
334 303 -1.08088
334 333 -2.16746
334 334 7.48779
334 338 -1.6737
334 367 -0.0629754
334 368 -1.33101
335 300 -1.00293
335 301 -1.00133
335 303 -1.85949
335 335 7.07122
335 336 -1.10119
335 338 -1.00668
335 369 -1.20293
336 301 -1.48867
336 302 -1.41871
336 304 -0.711447
336 335 -1.10119
336 336 7.15728
336 337 -1.71748
336 369 -0.630059
336 371 -0.147294
337 304 -1.938
337 336 -1.71748
337 337 7.79522
337 339 -0.906822
337 370 -0.815205
337 371 -2.45862
338 303 -0.826987
338 334 -1.6737
338 335 -1.00668
338 338 7.02457
338 368 -1.15441
338 369 -1.43422
338 372 -0.985131
339 304 -1.0337
339 306 -0.957678
339 337 -0.906822
339 339 7.14442
339 340 -1.26179
339 370 -1.90527
339 373 -1.16506
340 305 -0.418775
340 306 -0.499118
340 307 -1.27378
340 339 -1.26179
340 340 7.06805
340 341 -0.581224
340 373 -1.21935
340 374 -1.93164
341 307 -2.25231
341 325 -1.62916
341 340 -0.581224
341 341 8.12427
341 342 -2.80152
341 374 -0.922618
342 325 -0.12695
342 341 -2.80152
342 342 7.9128
342 358 -1.1633
342 363 -1.90691
342 374 -0.882907
342 375 -1.11392
343 308 -0.421905
343 314 -0.775
343 343 3.64548
343 348 -1.92857
343 376 -0.493333
344 309 -0.303764
344 310 -1.75962
344 315 -1.82528
344 344 7.35836
344 345 -0.874227
344 349 -0.446764
344 377 -1.73895
344 378 -0.519194
345 310 -2.02289
345 311 -1.39057
345 312 -0.302928
345 344 -0.874227
345 345 7.34409
345 347 -1.69236
345 378 -1.11968
346 312 -1.375
346 317 -0.862171
346 346 7.0012
346 347 -1.45324
346 351 -1.47347
346 352 -0.923752
346 380 -0.980124
347 312 -1.36296
347 345 -1.69236
347 346 -1.45324
347 347 7.25233
347 378 -0.294046
347 379 -1.23308
347 380 -1.30147
348 313 -1.21126
348 314 -1.07619
348 315 -0.0689845
348 343 -1.92857
348 348 7.18151
348 349 -1.00783
348 376 -1.34439
348 381 -0.678388
349 315 -2.01362
349 344 -0.446764
349 348 -1.00783
349 349 7.37202
349 377 -1.53425
349 381 -1.78876
349 382 -0.639014
350 316 -1.6456
350 318 -1.65976
350 320 -1.06781
350 350 7.22806
350 351 -1.453
350 354 -0.512545
350 384 -0.929352
351 317 -1.1841
351 318 -1.20407
351 346 -1.47347
351 350 -1.453
351 351 7.05211
351 352 -1.0145
351 384 -0.773731
352 346 -0.923752
352 351 -1.0145
352 352 7.00511
352 380 -1.29412
352 383 -1.5452
352 384 -1.33474
352 385 -0.964706
353 319 -1.65848
353 320 -1.7519
353 321 -0.703431
353 353 7.65812
353 354 -0.0593807
353 355 -2.29861
353 386 -1.28162
354 320 -1.78383
354 350 -0.512545
354 353 -0.0593807
354 354 7.8268
354 384 -2.02025
354 386 -1.50418
354 387 -2.05618
355 321 -1.08243
355 353 -2.29861
355 355 7.65049
355 356 -1.56425
355 386 -0.741559
355 388 -2.01601
356 321 -1.14898
356 323 -0.982089
356 355 -1.56425
356 356 7.37564
356 357 -1.36552
356 388 -0.199784
356 389 -2.1639
357 322 -0.652074
357 323 -1.02593
357 330 -1.6232
357 356 -1.36552
357 357 7.0046
357 362 -0.251647
357 389 -1.16201
357 390 -0.984103
358 324 -1.95826
358 325 -0.5971
358 326 -1.47078
358 342 -1.1633
358 358 7.65172
358 359 -0.260255
358 363 -1.9696
358 393 -0.348612
359 326 -1.07635
359 327 -1.33521
359 358 -0.260255
359 359 7.46467
359 360 -0.806838
359 393 -2.18255
359 394 -1.88452
360 327 -1.31054
360 328 -1.67576
360 359 -0.806838
360 360 7.05924
360 361 -0.608342
360 394 -1.29221
